# Wall textures
0 1 textures/pattern_16.png 1
0 2 textures/pattern_24.png 1
# Sprite Entity textures
0 3 textures/enemy_1.png 2
# Outer perimeter
1 0 0 3200 0 256 1
1 3200 0 3200 2400 256 2
1 3200 2400 0 2400 256 1
1 0 2400 0 0 256 2
# Grid of rooms - Row 1
1 800 400 800 800 256 1
1 800 800 1200 800 256 2
1 1200 800 1200 400 256 1
1 1200 400 800 400 256 2
1 1600 400 1600 800 256 1
1 1600 800 2000 800 256 2
1 2000 800 2000 400 256 1
1 2000 400 1600 400 256 2
1 2400 400 2400 800 256 1
1 2400 800 2800 800 256 2
1 2800 800 2800 400 256 1
1 2800 400 2400 400 256 2
# Grid of rooms - Row 2
1 800 1200 800 1600 256 2
1 800 1600 1200 1600 256 1
1 1200 1600 1200 1200 256 2
1 1200 1200 800 1200 256 1
1 1600 1200 1600 1600 256 2
1 1600 1600 2000 1600 256 1
1 2000 1600 2000 1200 256 2
1 2000 1200 1600 1200 256 1
1 2400 1200 2400 1600 256 2
1 2400 1600 2800 1600 256 1
1 2800 1600 2800 1200 256 2
1 2800 1200 2400 1200 256 1
# Grid of rooms - Row 3
1 800 2000 800 2400 256 1
1 800 2000 1200 2000 256 2
1 1200 2000 1200 2400 256 1
1 1600 2000 1600 2400 256 2
1 1600 2000 2000 2000 256 1
1 2000 2000 2000 2400 256 2
1 2400 2000 2400 2400 256 1
1 2400 2000 2800 2000 256 2
1 2800 2000 2800 2400 256 1
# Diagonal walls for visual interest
1 400 400 800 800 256 2
1 2800 400 3200 800 256 2
1 400 1600 800 2000 256 1
1 2800 1600 3200 2000 256 1
1 1400 1000 1800 1400 256 2
# Corridors
1 1000 0 1000 400 256 1
1 2200 0 2200 400 256 1
1 1000 800 1000 1200 256 2
1 2200 800 2200 1200 256 2
1 1000 1600 1000 2000 256 1
1 2200 1600 2200 2000 256 1
1 0 1000 400 1000 256 2
1 2800 1000 3200 1000 256 2
# Many enemies throughout the map
2 300 300 32 128 3 1.0
2 500 500 32 128 3 1.0
2 700 700 32 128 3 1.0
2 1000 500 32 128 3 1.0
2 1400 300 32 128 3 1.0
2 1800 500 32 128 3 1.0
2 2100 300 32 128 3 1.0
2 2500 500 32 128 3 1.0
2 2900 700 32 128 3 1.0
2 900 1000 32 128 3 1.0
2 1100 1400 32 128 3 1.0
2 1300 1000 32 128 3 1.0
2 1500 1400 32 128 3 1.0
2 1700 1000 32 128 3 1.0
2 1900 1400 32 128 3 1.0
2 2100 1000 32 128 3 1.0
2 2300 1400 32 128 3 1.0
2 2600 1000 32 128 3 1.0
2 300 1800 32 128 3 1.0
2 600 2100 32 128 3 1.0
2 900 2200 32 128 3 1.0
2 1100 1900 32 128 3 1.0
2 1400 2100 32 128 3 1.0
2 1700 1900 32 128 3 1.0
2 1900 2200 32 128 3 1.0
2 2200 1900 32 128 3 1.0
2 2500 2100 32 128 3 1.0
2 2900 1800 32 128 3 1.0
2 400 1200 32 128 3 1.0
2 700 1400 32 128 3 1.0
2 2600 1400 32 128 3 1.0
2 2900 1200 32 128 3 1.0
2 1600 600 32 128 3 1.0
2 1600 1800 32 128 3 1.0
2 200 600 32 128 3 1.0
2 3000 600 32 128 3 1.0
2 200 1800 32 128 3 1.0
2 3000 1800 32 128 3 1.0
2 1000 1200 32 128 3 1.0
2 2200 1200 32 128 3 1.0


# Additional room complex - Upper right expansion
1 2000 200 2400 200 256 1
1 2400 200 2400 600 256 2
1 2400 600 2000 600 256 1
1 2000 600 2000 200 256 2
1 2200 300 2200 500 256 1
1 1400 100 1800 100 256 2
1 1800 100 1800 300 256 1
1 1400 300 1400 100 256 2
# Additional room complex - Lower left expansion
1 200 1800 600 1800 256 2
1 600 1800 600 2200 256 1
1 600 2200 200 2200 256 2
1 200 2200 200 1800 256 1
1 400 1900 400 2100 256 2
# Additional corridors and connectors
1 600 600 1000 600 256 1
1 2200 1000 2600 1000 256 2
1 1400 1800 1800 1800 256 1
1 600 1200 1000 1400 256 2
1 2200 1400 2600 1200 256 1
# More enemies - 42 additional sprites
2 2200 250 32 128 3 1.0
2 2300 400 32 128 3 1.0
2 2100 500 32 128 3 1.0
2 1500 150 32 128 3 1.0
2 1700 250 32 128 3 1.0
2 1600 200 32 128 3 1.0
2 350 1900 32 128 3 1.0
2 450 2000 32 128 3 1.0
2 550 2100 32 128 3 1.0
2 300 2050 32 128 3 1.0
2 500 1950 32 128 3 1.0
2 800 650 32 128 3 1.0
2 1200 650 32 128 3 1.0
2 1400 700 32 128 3 1.0
2 2400 1100 32 128 3 1.0
2 2500 1300 32 128 3 1.0
2 1500 1850 32 128 3 1.0
2 1700 1750 32 128 3 1.0
2 750 1300 32 128 3 1.0
2 850 1250 32 128 3 1.0
2 150 500 32 128 3 1.0
2 250 700 32 128 3 1.0
2 350 900 32 128 3 1.0
2 3050 500 32 128 3 1.0
2 3100 700 32 128 3 1.0
2 3050 900 32 128 3 1.0
2 1100 100 32 128 3 1.0
2 1300 200 32 128 3 1.0
2 1900 2100 32 128 3 1.0
2 2100 2200 32 128 3 1.0
2 2300 2050 32 128 3 1.0
2 650 350 32 128 3 1.0
2 750 450 32 128 3 1.0
2 2600 350 32 128 3 1.0
2 2700 550 32 128 3 1.0
2 1050 1100 32 128 3 1.0
2 1150 1300 32 128 3 1.0
2 2050 1100 32 128 3 1.0
2 2150 1300 32 128 3 1.0
2 1600 1200 32 128 3 1.0
2 1600 1000 32 128 3 1.0
2 1600 1400 32 128 3 1.0