# Wall textures
0 1 textures/pattern_16.png 1
0 2 textures/pattern_24.png 1

# Sprite Entity textures
0 3 textures/enemy_1.png 2

# Floor default
4 1 0 0

# Floor sections
5 2 0 0 256 256 256 512 512 512 768 384 512 256 
5 2 100 100 1024 512 1580 512 1580 256


1 0 0 3200 0 256 1
1 3200 0 3200 2400 256 2
1 3200 2400 0 2400 256 1
1 0 2400 0 0 256 2
1 800 800 2400 800 256 1
1 2400 800 2400 1600 256 1
1 2400 1600 800 1600 256 1
1 800 1600 800 800 256 1
1 1200 400 2000 400 256 2
1 400 1200 1200 2000 256 2

2 500 500 32 128 3 1.0
2 1600 1200 32 128 3 1.0
2 2800 600 32 128 3 1.0
2 1000 1800 32 128 3 1.02